[LEFT_CAM_2K]
fx=1070.99
fy=1070.97
cx=1089.1
cy=607.749
k1=-0.0579007
k2=0.0330043
p1=0.000250066
p2=0.000452687
k3=-0.0131006

[RIGHT_CAM_2K]
fx=1069.43
fy=1069.42
cx=1095.78
cy=616.203
k1=-0.0731394
k2=0.0595266
p1=-6.79193e-05
p2=5.90893e-05
k3=-0.0256662

[LEFT_CAM_FHD]
fx=1070.99
fy=1070.97
cx=945.1
cy=526.749
k1=-0.0579007
k2=0.0330043
p1=0.000250066
p2=0.000452687
k3=-0.0131006

[RIGHT_CAM_FHD]
fx=1069.43
fy=1069.42
cx=951.78
cy=535.203
k1=-0.0731394
k2=0.0595266
p1=-6.79193e-05
p2=5.90893e-05
k3=-0.0256662

[LEFT_CAM_HD]
fx=535.495
fy=535.485
cx=631.05
cy=351.8745
k1=-0.0579007
k2=0.0330043
p1=0.000250066
p2=0.000452687
k3=-0.0131006

[RIGHT_CAM_HD]
fx=534.715
fy=534.71
cx=634.39
cy=356.1015
k1=-0.0731394
k2=0.0595266
p1=-6.79193e-05
p2=5.90893e-05
k3=-0.0256662

[LEFT_CAM_VGA]
fx=267.7475
fy=267.7425
cx=331.025
cy=183.43725
k1=-0.0579007
k2=0.0330043
p1=0.000250066
p2=0.000452687
k3=-0.0131006

[RIGHT_CAM_VGA]
fx=267.3575
fy=267.355
cx=332.695
cy=185.55075
k1=-0.0731394
k2=0.0595266
p1=-6.79193e-05
p2=5.90893e-05
k3=-0.0256662

[LEFT_DISTO]
k1=-1.43625
k2=2.60803
k3=0.118793
k4=-1.34403
k5=2.44759
k6=0.289217
p1=5.30738e-05
p2=0.000370876

[RIGHT_DISTO]
k1=-1.66668
k2=3.06772
k3=0.0337561
k4=-1.57881
k5=2.91002
k6=0.21231
p1=-0.000150582
p2=0.000282058

[STEREO]
Baseline=119.941
TY=-0.366935
TZ=0.404638
CV_2K=0.00333695
CV_FHD=0.00333695
CV_HD=0.00333695
CV_VGA=0.00333695
RX_2K=0.00228919
RX_FHD=0.00228919
RX_HD=0.00228919
RX_VGA=0.00228919
RZ_2K=0.00462443
RZ_FHD=0.00462443
RZ_HD=0.00462443
RZ_VGA=0.00462443

[MISC]
Sensor_ID=0
